تقرير تحليل المجموعات
--------------------------------------------------

إحصائيات المجموعات:
              Sales                                      Quantity                    Discount                                    Profit                                  
               mean         std         min         max      mean       std min max      mean       std       min       max        mean        std        min         max
Cluster                                                                                                                                                                  
0        396.323546  168.980630  103.695583  870.240616  2.930851  1.533799   1   8  0.144871  0.087570  0.000320  0.397850  115.540227  52.220992 -47.683520  199.459354
1        734.143477  162.510089  223.573038  999.736874  6.883721  1.675616   1   9  0.129528  0.086425  0.000059  0.404619  125.536468  50.298790   0.639185  199.967800
2        765.239152  155.245957  291.397858  999.864320  3.046575  1.600316   1   8  0.149761  0.095335  0.000657  0.486451  -17.253736  50.187860 -99.873061  146.717328
3        377.485788  167.281474  101.421479  806.251074  2.847328  1.488767   1   7  0.346906  0.092862  0.024991  0.498774  -23.664847  51.694273 -99.650901  129.659399
4        694.875973  178.720841  169.116116  999.767145  7.254453  1.453843   4   9  0.373987  0.082780  0.087812  0.499908  -14.445131  52.065251 -99.947345  144.907553
5        746.837263  154.516325  215.030660  998.400206  3.278378  1.664492   1   9  0.364083  0.088747  0.068819  0.499505  117.702715  52.190250 -45.911362  199.209854
6        333.608314  163.694177  100.564765  802.515453  6.993921  1.622994   1   9  0.377300  0.084403  0.113152  0.498602  112.023092  61.218481 -77.425595  198.528513
7        362.048118  167.451972  101.141269  833.513785  7.041344  1.472844   3   9  0.130383  0.083777  0.000120  0.362000   -3.174855  58.855779 -99.569980  151.487358